-4.965004877998467625e-03
-5.527426790595577621e-01
-8.464974732388601542e-01
-7.943648100980977844e-01
-5.107580529061508390e-01
-1.872739882225221975e-01
8.391914905262132240e-02
4.117492999837961687e-01
7.077839550660367518e-01
6.043548491698196301e-01
1.342257545211383851e-01
-3.287920076709898165e-01
-4.421279138309624490e-01
-1.659039020180446133e-01
1.667450731754003268e-01
3.515993753846308190e-01
4.084231374489892263e-01
4.555676967167304192e-01
4.742903074725289270e-01
2.479969592298530978e-01
-1.907441738350046934e-01
-6.171654383863055537e-01
-8.634140160079473159e-01
-8.472068717818115324e-01
-6.031480065500501864e-01
-2.291722188619560174e-01
1.560012750444000618e-01
5.505573003989304715e-01
8.595578289365484181e-01
7.854018723769415899e-01
3.548146444553528234e-01
-1.299805277200849762e-01
-4.392637273949614451e-01
-4.845455005077035082e-01
-3.215298146229685905e-01
-4.939882576854232737e-02
2.151915483300993470e-01
4.432083829208767756e-01
5.562693010413527483e-01
3.598127838945269774e-01
-7.344485232940024810e-02
-4.888626053595779841e-01
-6.726512505022721466e-01
-5.101321557832959597e-01
-1.128060552426362745e-01
2.669332592053823561e-01
4.598974119956057427e-01
5.438132926460724770e-01
5.470285751970732635e-01
3.150874900627306241e-01
-1.083801373781918820e-01
-5.093340332531394177e-01
-6.858483808096887957e-01
-5.611071747152895917e-01
-3.022926272073125364e-01
-8.203883578367263119e-02
1.013432611360014363e-01
3.654933441779389947e-01
6.253832151945549755e-01
5.626263597693288432e-01
1.777571049126913660e-01
-2.575051584274919425e-01
-5.151848661197362400e-01
-4.858037314684373609e-01
-2.431547520783939320e-01
5.650615221300695629e-02
2.877522161657207755e-01
4.798179104672259943e-01
5.836643757655606279e-01
3.719298511831392595e-01
-1.213149875151108281e-01
-6.409969077409036764e-01
-9.438335498628167564e-01
-8.832902176984944731e-01
-5.276056590245576938e-01
-4.948289950371128482e-02
3.928791473373016152e-01
7.802356631757367822e-01
1.015644962610901647e+00
8.359828206077132284e-01
3.131103514615409256e-01
-2.481833677431650176e-01
-6.142656443813750977e-01
-6.804193957419411021e-01
-5.258484838026882269e-01
-2.457802728239491530e-01
1.143389328154878065e-01
5.479206755635029902e-01
8.598176612857928447e-01
7.140384323706836511e-01
1.671475804515805408e-01
-4.488381302496048386e-01
-8.533038973006070727e-01
-8.901868565610517869e-01
-5.754363157060337075e-01
-1.140216220357302412e-01
2.397247465020952706e-01
5.473943765149098528e-01
7.738511013194029342e-01
5.753463003435475009e-01
-1.140732488241757991e-05
-5.722667495782582936e-01
-7.586918387979483258e-01
-4.518969190798013402e-01
-3.022357483190728569e-02
1.900230518956583514e-01
2.714275433256951309e-01
4.817934831299610643e-01
7.634161949111976098e-01
6.856741864272778431e-01
2.266693305652214274e-01
-2.929949802197909237e-01
-5.913913465252425006e-01
-5.289424665516546664e-01
-2.589317435441159665e-01
2.806582050737879697e-02
2.901726902622022708e-01
5.289513516090392775e-01
5.873413365736737113e-01
2.490209905079189268e-01
-3.691623397933054829e-01
-9.510583850544338524e-01
-1.182322378250828532e+00
-9.237092610573083284e-01
-4.056642086989210583e-01
8.669425860690679886e-02
4.496429762888797255e-01
7.885665419397704934e-01
1.051401525572086770e+00
9.038772457259567350e-01
3.829204604273478418e-01
-1.740943204569963820e-01
-5.254140656369503670e-01
-6.040575917017163565e-01
-5.009393374971410351e-01
-2.756104761386468649e-01
3.542180305816410024e-02
4.129231412576900295e-01
6.876439937323626239e-01
5.670989713622114348e-01
9.860143726673081810e-02
-4.075137414707958317e-01
-6.737700964047269592e-01
-6.129001459360665649e-01
-3.584334158153621996e-01
-5.660491379198976519e-02
2.207784086150334779e-01
5.179555773016242259e-01
7.460475778639341637e-01
6.230289195388327705e-01
1.669188145283094782e-01
-3.360864807581204206e-01
-5.893033045565627681e-01
-4.933622145459048425e-01
-2.575385298529689893e-01
-4.922145359268018106e-02
1.785520220466515762e-01
5.108201109925525341e-01
7.159417678493255055e-01
4.591314324102516720e-01
-1.392406065584123054e-01
-7.207675377361675295e-01
-9.599961237303142880e-01
-7.551811044903063985e-01
-3.418853761756817100e-01
8.354408125894449699e-02
4.472246159379527075e-01
7.475986512081763680e-01
8.904127239341090849e-01
6.214948168945895191e-01
1.421879470982080618e-02
-5.757863008575607733e-01
-7.971801506284950101e-01
-5.487104737509510555e-01
-1.662150687008069339e-01
8.464973281565280061e-02
2.461588844652961017e-01
4.748202795852238811e-01
7.235205401470377051e-01
6.303169295894608393e-01
1.010067720327417345e-01
-5.780633389796588917e-01
-1.092659038331869059e+00
-1.259436428932502849e+00
-9.573798692609252203e-01
-1.743563616667631322e-01
6.914406707607669844e-01
1.249217091197861507e+00
1.349537515269454868e+00
8.908984728932825004e-01
8.188246953002009665e-02
-7.029641712088116057e-01
-1.137973795129014754e+00
-1.008930925495774789e+00
-4.373576701389486621e-01
2.238317915410760750e-01
6.757918407813728878e-01
8.935435568788023808e-01
8.774685632094747501e-01
4.790271676106457877e-01
-1.923909350334285229e-01
-7.966415463407459097e-01
-9.709672215131492923e-01
-5.907239222293352299e-01
-2.750093072194070842e-02
3.329936733417234729e-01
4.786825221122862906e-01
6.226211301394999342e-01
7.499495976885115489e-01
5.584104793520406895e-01
4.884786550146591466e-02
-4.839237649865167912e-01
-7.511769977609278337e-01
-6.132148013899063610e-01
-2.353439841251729336e-01
1.238157267401726741e-01
3.477312003349512515e-01
5.059487533732113240e-01
5.459914785950763516e-01
2.239362403361407350e-01
-4.025749207368832794e-01
-1.015736663767647041e+00
-1.287355040251600746e+00
-1.109555478638570625e+00
-6.436522146540212264e-01
-2.024370733567368297e-02
5.805474505974995703e-01
1.049876098154099324e+00
1.287048293702678592e+00
1.057320723373325944e+00
4.626014446183460693e-01
-1.610571457852525423e-01
-5.483309070706793298e-01
-5.662740215435535518e-01
-2.889596893414643208e-01
1.128766865596889796e-01
4.483240485738418379e-01
6.680675691462443222e-01
7.198981195453969528e-01
4.464343354364558314e-01
-5.787882363474794456e-02
-5.443634900312932512e-01
-8.422846254523193021e-01
-9.055805342072762443e-01
-7.763343481832198911e-01
-4.632996715737786597e-01
-3.910473032230465940e-02
4.492268616473136245e-01
8.499799297463977998e-01
7.863424949733719416e-01
2.354714144768661199e-01
-4.448573533418271886e-01
-8.951150548373540961e-01
-9.421548966332253805e-01
-5.865996216451063727e-01
5.299835424937114625e-02
6.038045445962703095e-01
8.673808460385215025e-01
8.779049828732663485e-01
5.464778826551567326e-01
-4.151265851551026731e-02
-5.880770224021172332e-01
-8.035955770875957693e-01
-5.647859722451861186e-01
-9.387804067422085563e-02
2.747146869681884040e-01
4.517746046985506858e-01
6.160368929810927652e-01
7.387738448813017111e-01
5.314666932137698252e-01
4.905505446859028534e-02
-4.095838826805093813e-01
-6.273372637375698169e-01
-5.578531393316056297e-01
-3.264832163672924947e-01
-3.061583883670844497e-02
2.452111930773233639e-01
4.878513386080725045e-01
6.150209888371439559e-01
3.929084265734014703e-01
-1.114502318908942025e-01
-5.849728291975864192e-01
-7.555864550391475642e-01
-5.475831615368260685e-01
-1.596664099378838353e-01
1.775781147901778767e-01
3.850017915331670482e-01
5.866242398803395153e-01
7.446363606397943258e-01
5.566079752312027562e-01
1.958554318570872310e-02
-5.799142610806906628e-01
-9.485012000897230511e-01
-9.377270217362168037e-01
-6.469458182445770866e-01
-2.654617606180811329e-01
6.463730666529829416e-02
4.379914907883576403e-01
8.120559718038665720e-01
7.503766189745939563e-01
1.803837965007411281e-01
-5.260814302195865322e-01
-9.802424936338219874e-01
-9.407646943322949262e-01
-4.678456500444997945e-01
2.118595858615159588e-01
8.153668482599031320e-01
1.170931515875149653e+00
1.213137116403518734e+00
8.519565135362560104e-01
2.391500261047033171e-01
-3.248967510511195922e-01
-6.156669261998831688e-01
-5.662726712033205878e-01
-3.377035294786723818e-01
-9.181084889857793474e-02
1.222260947094079286e-01
3.777778062397838532e-01
5.753547630330572149e-01
3.951813403102962807e-01
-1.193392221248994745e-01
-6.542512430055804629e-01
-9.344010804506273082e-01
-8.494630310388329164e-01
-5.412602120780314330e-01
-1.458355031001400404e-01
2.368495106279240037e-01
6.065204116220138664e-01
8.603119666731819937e-01
6.570441210254500675e-01
3.709786703695128196e-02
-6.208616885743448721e-01
-9.794677617064468933e-01
-8.886860342708907678e-01
-5.103403543713841417e-01
-2.020113687630017973e-02
4.905857223526288724e-01
9.381496604428857244e-01
1.158169955149205066e+00
9.323307788107930705e-01
3.755845539926020993e-01
-1.942516764076051006e-01
-5.339974347941374155e-01
-5.534378096605452324e-01
-3.855720267172205729e-01
-1.850990886258668811e-01
3.912479315067392271e-03
3.054733333992101230e-01
6.433793718652710547e-01
6.341815369162129290e-01
2.561694063797508858e-01
-1.966702779742094120e-01
-4.685237123893414846e-01
-4.618728505571859100e-01
-2.896334586806202926e-01
-7.117350841317193755e-02
1.213407731244639798e-01
3.105143422282831134e-01
4.062635181898570647e-01
1.375626375643023702e-01
-4.618245765352093635e-01
-1.063799477566487184e+00
-1.318728040873061946e+00
-1.064239730745599521e+00
-4.790049187922438834e-01
1.865688920046983945e-01
7.481256293714282357e-01
1.139789966462120940e+00
1.303452208395733614e+00
1.050679865989340822e+00
4.459446893660330424e-01
-2.156415332778304772e-01
-6.773115663431572564e-01
-7.964131102913521998e-01
-6.064949397424994615e-01
-2.234972200103310103e-01
1.978610716991562324e-01
5.998079808847878169e-01
8.485686556571780947e-01
6.642921219745215877e-01
1.154864960091195880e-01
-4.894686361576047195e-01
-9.093332784875552965e-01
-9.939552077229318883e-01
-7.246957347617125622e-01
-2.117432982443963885e-01
3.142018336077436191e-01
7.936785622051026889e-01
1.129270783509229492e+00
9.953712277886792581e-01
4.524662332125165554e-01
-1.589426878202506443e-01
-5.893632847955441179e-01
-6.906887773355572246e-01
-5.095865409808435498e-01
-1.985248694772978606e-01
1.081929445316416050e-01
4.200056078996454723e-01
6.316132949143302699e-01
4.292457662759426862e-01
-1.306801356233976696e-01
-7.007548642275200912e-01
-9.873507782753270234e-01
-8.515790419179964932e-01
-4.503053737045611959e-01
-2.758544655636716025e-02
3.274062510644853985e-01
7.043944841574970583e-01
9.947603656663607241e-01
8.550079383295552393e-01
3.100753425437658972e-01
-3.076010920896768419e-01
-6.746233832766372895e-01
-6.315018334805784228e-01
-3.163330592518864282e-01
4.132771123346588860e-02
3.007869401379354435e-01
4.502851778330426713e-01
4.429871815690582526e-01
1.256193991259624554e-01
-4.474963220228606042e-01
-9.408716444887109676e-01
-1.001178436704841967e+00
-5.919433635492151735e-01
-2.062423303951736731e-02
4.423727770140359894e-01
6.944835595984673038e-01
8.531891667692530490e-01
9.525308606222688823e-01
7.268485864556514242e-01
1.939690830687523515e-01
-3.575409278716952244e-01
-6.767017118943725595e-01
-6.573786740220937119e-01
-4.384082660450947522e-01
-1.508862288072412849e-01
1.339572102989269042e-01
4.478966066714883398e-01
7.163857010296497130e-01
6.273484800690320995e-01
1.884193261769757655e-01
-3.256930475312135309e-01
-6.417394908711852031e-01
-6.093399943243911210e-01
-3.915103736445696980e-01
-1.678815522916902725e-01
6.737217422767019515e-02
4.361212662160804943e-01
7.867465297750660946e-01
6.981586377296653545e-01
2.074475736639676549e-01
-3.122827764229422765e-01
-5.703661016041092768e-01
-5.000360662964304925e-01
-2.906224062587369206e-01
-8.976032333410843833e-02
7.184095866804406094e-02
3.118510298966034600e-01
5.194772655716152210e-01
2.733623200556438704e-01
-3.926123285016080433e-01
-1.078674494736814093e+00
-1.395999802040413851e+00
-1.094409619041232906e+00
-3.291740057963051802e-01
4.574488707442102564e-01
9.551351564669305905e-01
1.264354850302034539e+00
1.361319091222839006e+00
9.346933372703537524e-01
9.996537612281333751e-02
-7.468697180800170088e-01
-1.263374971757899701e+00
-1.205106762857215408e+00
-6.116421279642998421e-01
2.305162896218047042e-01
9.241871017868992233e-01
1.267794820395520716e+00
1.223152273218576225e+00
7.455639973959397038e-01
1.675451319322112526e-02
-6.451934550041470429e-01
-9.799724940211185231e-01
-8.880515585238639709e-01
-4.806566370523663312e-01
3.920161369411022390e-02
4.319964376900998215e-01
6.807842338962022399e-01
7.954208918928096228e-01
5.477864473711955284e-01
-3.789055554806031872e-02
-6.478653065911843534e-01
-9.457537895331615818e-01
-7.853258769221852509e-01
-3.699069008944800840e-01
4.406478616798791687e-02
3.226775032506710716e-01
5.427843148007240881e-01
6.845204690370546574e-01
4.271138350812240247e-01
-2.150839327331994788e-01
-8.609306641583520658e-01
-1.120092305806151822e+00
-8.579033124667154731e-01
-3.353025649645868245e-01
1.392590381526679355e-01
4.774032519309245881e-01
8.291700142356788206e-01
1.068913873116442037e+00
7.957380305036019230e-01
1.000595457124311971e-01
-5.686434335324592748e-01
-8.262069908661580087e-01
-6.072610775602064193e-01
-1.854361466818325033e-01
2.582033530529480037e-01
6.413029504189324825e-01
9.314696292450461712e-01
1.006529084533640317e+00
6.279365272523769193e-01
-7.691716775142756757e-02
-7.753286824064946625e-01
-1.203623744308532695e+00
-1.190589782577572420e+00
-7.488682839513902678e-01
-2.173618939517023285e-02
6.680545163288226229e-01
1.085723933407170438e+00
1.137332980579961461e+00
6.963327976811930498e-01
-7.395647025659976559e-02
-8.210129651222344283e-01
-1.246903911038888646e+00
-1.184661973170750837e+00
-7.659093181151046537e-01
-2.155957367330228192e-01
3.137590871644075907e-01
8.100959010432841056e-01
1.137549090474444968e+00
9.216312321321478152e-01
2.373450059070945639e-01
-4.528413441471846879e-01
-7.277311518962161774e-01
-4.394954427577723588e-01
9.963022711710600721e-02
5.544726911557278370e-01
7.974126884980463625e-01
8.224522652300519932e-01
6.183700733548549433e-01
1.212467039404254709e-01
-5.458512075758100712e-01
-1.133941099098146887e+00
-1.376843442763677317e+00
-1.134011382889069885e+00
-6.090315120328257947e-01
-5.221730730194976133e-02
4.458867229252370668e-01
9.063425632229984430e-01
1.214908880282386194e+00
1.072904277303467158e+00
5.288836791493365386e-01
-8.307314309286739640e-02
-5.152273902719698428e-01
-6.809627955354037310e-01
-6.167387669146042750e-01
-3.200884724030376716e-01
1.179501276902078510e-01
5.479561248161647358e-01
7.824893261322989346e-01
5.430316689824712384e-01
-9.265242842738369289e-02
-7.622097880134282022e-01
-1.195472640408283382e+00
-1.285290039094533654e+00
-1.011529686758299240e+00
-3.976992369664165139e-01
2.493282764414394559e-01
6.061848890584986549e-01
5.403739805984830724e-01
1.087041142876560285e-02
